14201
70
1498
1570
12
4008
4457
1448
8
9795
2510
9
13
140
54
10
170
11
11
355
11
394
43
11
54
3825
49
20
10
7235
14
8
5778
63
30
45
10
16
57
3867
506
49
155
8
53
97
8
742
48
3050
187
11
20
22
33
59
14
18
31
83
25
10
3515
10
5712
20
211
334
8
908
98
21
11
17730
11
145
899
2690
8
418
48
12
211
9
2489
89
9
12
283
19
8
18
16
360
10
40
733
10
104
33
245
21
45
45
9
9
4241
9
1535
163
49
8
8
9
318
15
15
8
386
21
243
1666
10
26
18
11
9677
22
78
27
9
9
10
8
185
67
2459
10
35
7
620
14
11
7
8
458
304
26
220
24
38
8
12
16
12
16
45
64
38
128
40
3334
7
18
22
191
9
69
8
19
8
11
9
33
19
8
25
10
13
9
92
10
9
1073
997
289
507
12
11
439
71
9
10
40
9
75
509
8
9
12
12430
10
9
9
8
133
18
9
13
66
8
9
8
9
8
1064
11
15
9
8
51
10
9
10
8
9
74
133
18
10
9
10
58
92
9
9
13
9
11
56
104
35
369
9
26
9
19
11
15
23
9
9
8
212
11
9
1015
8
9
9
27
11
12
181
10
19
8
9
16
10
9
207
9
341
10
12
43
13
8
179
12
8
11
8
13
11
8
10
8
39
407
18
9
97
10
9
10
66
10
1374
78
37
8
15
45
8
8
50
8
11
9
12
17
8
8
15
9
21
16
7
21
158
9
18
9
18
7
9
9
9
12
9
8
8
8
10
8
63
10
10
1455
20
15
74
711
224
454
65
23
20
8
9
161
20
9
315
651
2205
66
2010
11
181
425
282
96
74
1563
135
20
91
85
198
17
11
7
8
1090
10
10
36
1469
33
10
7
9
941
327
213
69
22
11
11
7
59
12
64
7
32
65
12
10
69
21
9
9
69
10
105
9
35
10
12
64
25
10
17
1251
50
17
9
45
11
10
19
8
30
24
14
1267
53
8
30
16
33
11
9
16
2834
135
9
25
9
8
16
45
8
309
23
384
252
157
129
13
35
13
340
639
8
25
4258
8
592
24
16
16
22
77
8
8
8
10
46
10
12
10
1350
11
45
10
12
9
8
8
17
66
83
35
545
17
8
11
7
7
12
7
8
281
35
728
49
671
11
9
22
209
92
36
16
8
9
10
61
24
8
184
36
30
10
11
9
33
8
10
29
29
9
8
11
12
11
10
97
9
9
8
8
8
9
473
337
13
8
9
10
10
10
8
12
9
20
1508
49
29
9
1559
1511ئ
113
36
10
775
92
11
12
12
11
37
172
903
33
11
10
10
609
241
12
8
11
16
27
8
17
8
10
88
38
186
186
15
65
10
7
11
296
12
96
27
16
78
13
9
11
11
41
10
285
11
8
10
21
11
10
10
8
3039
579
10
205
1482
14
972
51
356
248
698
19
107
331
153
10
11
10
16
206
20
146
116
20
21
444
695
11
22
25
778
153
10
39
65
25
50
831
21
14
13
11
13
10
435
1654
13
366
19
40
1551
1407
1167
10
47
1273
9
34
15
11
2065
16
10
17
11
11
9
8
58
3052
309
9
48
564
12
9
19
12
8
12
48
30
63
15
11
12
1627
6724
21
74
143
9
844
106
9
9
16
9
152
227
8
30
23
1920
9
18
238
10
10
22
113
18
10
12
9
43
41
16
9
8
8
12
10070
10
11
8
12
13
15
10
9
17
9
8
9
9
13
21
21
11
11
9
18
11
170
119
31
8
17
9
11
60
19
198
9
15
10
132
840
11
9
55
507
8
9
10
11
9
9
8
13
8
8
7
8
9
306
71
5616
10
19
13
286
68
9
18
7
9
774
9
8
9
9
16
287
9
43
10
21
10
34
8
7
18
9
7
24
43
15
10
53
9
13
7
9
8
8
12
10
294
9
10287
9
8
10
10
10
10
171
1734
9
19
9
9
9
20
9
9
11
9
10
9
28
8
293
10
48
10
8
13
36
9
12
9
345
12
11
84
74
8
10
10
9
10
30
9
11
11
8
9
10
8
9
8
10
9
9
10
11
10
11
10
18
10
9
10
10
48
9
8
11
6584
16
10
9
728
9
8
15
8
10
31
8
22
8
11
1063
220
13
9
8
8
14
9
9
10
30
10
8
11
299
9
7
10
9
10
9
10
10
106
9
77
9
16
16
10
8
10
9
10
8
7
115
8
10
9
14
14
13
10
8
9
10
2751
9
483
8
301
10
232
9
7
12
18
8
57
8
8
36
2504
144
10
15
8
35
61
8
8
9
131
82
14613
12
9
8
10
8
8
2337
9
9
841
9
9
11
10
12
38
8
9
42
130
189
38
326
25
11
9
42
14
11
14
36
12
35
10
7
34
7
9
12
10
7
9
8
8
20
9
11
9
8
267
9
11
8
10
10
9
14
10
8
20
8
8
19
9
15
8
8
8
9
10
27
440
8
8
10
9
9
9
8
9
11
19
9
10
7
8
9
134
213
8
10
64
68
9
8
9
20
10
8
8
8
11
34
31
10
31
8
17
9
23
148
11
133
7
56
9
9
8
8
187
10
9
8
11
55
7
252
10
24
10
7
30
9
10
9
9
35
13
38
138
25
18
20
8
597
36
91
98
9
12
1355
9
4206
81
236
8
10
3804
1321
921
136
10
10
11
72
420
10
34
52
237
8
8
9
9
202
12
15
29
10
20
31
31
11
195
308
9
10
9
10
178
381
11
27
10
2294
5028
8
302
14
12
13
38
639
8
11
10
11
11
8
16
11
8
9
16
12
9
8
9
11
8
9
48
12
10
10
10
46
75
41
8
34
655
10
8
12
15
10
9
12
49
12
9
9
25
50
42
10
10
9
19
8
9
8
9
8
31
54
11
8
9
11
8
11
8
10
25
14
8
15
10
9
11
25
9
10
8
19
10
9
13
9
9
21
13
11
8
8
12
8
8
8
28
15
9
45
9
10
14
8
7
8
14
12
8
12
8
8
10
8
8
9
9
9
8
359
9
10
25
22
126
84
16
10
9
10
13
11
9
21
26
8
550
16
8
9
10
8
8
9
9
10
8
32
1032
8
16
44
38
162
18
3229
39
9
9
22
17
10
318
10
25
74
133
12
79
71
11
79
10
9
11
37
20
50
29
10
1796
19
115
93
54
17
13
836
10
30
10
121
11
20
12
10
10
10
10
9
11
23
10
10
41
9543
82
32
83
16
307
95
3461
10
34
878
490
12
9
24
18
79
8
19
8
15
8
10
9
8317
9
11
11
37
10
11
90
39
21
508
41
162
187
14
9
966
54
16
31
9
11
112
9
182
10
20
8
15
8
8
21
576
11
8
10
394
15
8
8
8
10
11
11
8
28
9
9
17
177
8
9
8
44
9
9
39
14
11
8
9
40
8
8
9
8
8
9
9
10
9
10
10
9
10
9
57
13
8
8
8
15
11
11
24
9
8
9
8
9
12
11
9
10
10
8
9
8
8
21
9
8
8
10
7
9
8
8
9
8
8
9
11
10
8
91
255
19
17
638
33
19
89
11
11
235
8
24
2524
10
29
17
9
11
25
1520
214
12
15
106
44
9
41
8
8
38
12
15
8
9
10
9
35
829
10
43
229
8
9
128
8
8
21
9
8
206
9
15
56
8
7
10
11
487
265
5057
1689
32
162
21
30
18
108
8
16
91
9
99
8
35
10
9
96
446
150
9
81
36
10
43
13
26
9
9
393
280
30
7
19
10
15
21
9
10
13
19
7
7
10
16
8
8
8
8
11
16
1031
8
10
876
9
33
15
331
10
15
9
173
10
12
77
10
11
10
37
344
18
18
10
10
7
8
17
43
106
380
9
8
8
23
310
149
8
8
9
22
9
48
10
11
81
11
11
24
10
68
8
9
10
17
83
210
138
8
21
269
9
1922
8
10
18
12
14
17
9
1819
9
10
8
11
9
10
8
12
11
317
8
24
225
8
88
11
8
13
13
9
8
8
10
8
53
98
322
9
27
8
9
29
8
568
7
8
9
103
8
9
19
9
10
48
44
9
8
8
9
9
7
8
55
8
14
10
157
10
8
8
11
48
27
12
142
8
578
16
8
50
8
10
9
1255
9
9
9
8
10
20
20
16
22
11
10
9
7
9
9
10
7
19
62
10
9
10
13
32
11
12
13
9
8
10
9
10
9
8
8
11
10
8
11
8
12
16
11
8
8
11
18
45
14
257
8
11
9
9
8
12
9
9
8
14
157
8
19
9
11
9
9
10
12
7
11
62
14
12
33
12
11
8
9
9
30
9
1602
8
9
16
9
8
18
8
29
10
9
8
90
9
11
133
9
22
16
8
15
8
122
17
11
17
11
10
13
8
80
14
9
13
9
9
15
10
9
7
9
11
9
9
8
10
245
11
8
9
8
63
8
9
10
10
9
11
10
8
14
9
13
62
353
15353
24
8
515
10
281
10
9
10
8
8
7
8
84
9
9
15
75
164
7
9
142
859
12
8
28
9
10
334
8
486
169
37
17
1621
22
64
19
69
8
11
26
9
28
84
31
11
19
12
30
23
578
10
678
31
47
30
9
1440
24
10
180
206
17
152
29
16
19
9
10
12
85
33
529
8
16
33
47
85
12
9
29
62
10
12
10
49
27
10
15
486
8
12
71
14
25
20
39
24
75
12
11
12
22
148
31
38
23
19
12
44
23
64
23
13
10
9
9
17
35
10
8
13
61
14
13
594
84
130
74
8
272
10
74
40
10
8
8
10
10
21
23
8
137
39
36
14
34
17
33
8
9
785
11
11
7
13
21
13
10
13
9
14
18
36
17
17
24
23
154
22
27
8
8
1459
12
17
42
11
10
11
10
9
17
160
8
16
8
22
16
243
10
14
12
58
11
373
140
114
17
62
10
7
8
10
9
9
10
9
16
9
8
8
9
12
13
8
11
223
25
11
7
7
20
10
9
12
28
7
10
8
8
26
9
9
31
11
29
7
8
37
8
11
17
8
17
519
8
9
8
9
131
46
8
11
10
8
20
34
8
90
28
8
29
9
51
20
10
10
11
9
29
9
9
21
8
10
17
27
21
21
7
7
40
30
11
13
83
10
10
10
9
9
8
11
9
18
12
43
10
8
10
7
9
8
9
9
21
28
8
18
13
10
9
8
216
8
8
241
10
231
114
401
186
49
35
7
27
15
53
9
11
260
11
18
17
109
52
17
8
30
494
23
159
12
209
14
11
10
23
9
52
53
9
22
10
8
48
13
13
13
11
104
12
2311
580
12
45
81
9
8
129
8
15
10
9
335
8
9
47
323
116
5207
20
116
13
366
10
14
8
8
8
130
1552
15
33
9
20
8
26
11
12
202
16
23
10
12
9
9
134
11
62
19
32
11
14358
10
9
9
10
10
51
9
28
14
25
10
49
20
10
26
14
10
230
14
8
9
9
22
16
131
10
17
18
8
12
12
28
10
11
8
15
32
28
9
10
11
28
14
8
8
10
8
10
18
10
8
11
30
10
760
9
12
21
307
49
1477
2729
7863
8
15
38
8
11
10
96
139
134
758
10
165
199
120
818
10
24
89
14
17
528
11
49
30
399
37
8
10
8
168
22
55
290
9
12
19
10
20
31
442
2772
14
8
8
13
429
59
8
9
15
8
8
104
58
179
32
8
11
9
11
11
327
7
339
93
27
9
9
10
8
8
8
79
15
10
12
9
9
8
170
9
8
8
8
12
19
83
9
10
17
15
9
8
10
16
8
9
9
8
186
8
9
11
8
27
16
11
8
9
9
10
58
13
9
9
36
8
9
47
73
14
14
23
8
152
9
41
8
8
167
399
84
79
29
10
10
8
14
23
8
9
51
191
9
7
24
8
11
33
33
13
7
9
9
10
82
8
167
11
10
21
15
7
8
52
8
28
8
86
10
7
10
32
10
42
10
15
13
10
10
11
10
109
9
76
29
12
45
13
9
20
10
10
40
9
12
50
9
20
8
8
15
8
33
14
9
22
8
8
9
8
10
8
8
9
10
8
9
8
14
9
11
11
12
8
9
9
7
10
9
9
147
8
16
10
10
8
8
9
8
9
12
8
9
39
8
10
9
10
8
9
8
10
8
8
15
10
10
8
9
9
8
8
8
14
8
11
8
8
10
48
8
40
9
11
10
10
9
9
13
9
10
15
8
10
8
12
9
8
10
9
8
10
7
7
8
8
9
9
76
2311
52
23
9
20
18
8
8
14
74
7
10
21
12
65
8
39
415
494
189
14
10
16
10
192
10
9
8
9
8
9
11
9
10
309
8
9
10
9
8
9
8
8
8
16
302
11
30
34
9
11
10
56
393
68
10
1110
17
8
9
14
56
21
7
14
12
8
7
7
8
8
7
7
7
12
9
242
9
190
7
9
8
9
8
9
18
9
18
8
9
20
18
9
8
14
15
9
9
639
9
48
9
10
12
91
9
213
68
9
10
8
9
25
9
9
10
11
303
29
22
32
8
8
18
9
9
10
10
8
11
9
11
10
10
9
8
15
30
9
10
11
11
9
110
10
43
2757
9
11
10
10
10
9
12
10
9
9
9
7
256
13
169
102
9
10
29
114
11
8
38
35
9
8
11
8
710
9
10
28
8
9
25
318
11
18
32
17
9
9
10
65
9
90
21
8
10
9
9
19
16
59
11
16
9
9
56
9
8
21
90
9
7
80
63
64
8
25
7
9
9
12
8
9
9
148
12
10
240
86
8
29
12
30
8
10
115
8
37
10
17
9
25
9
24
17
10
12
9
9
15
77
21
31
8
20
878
14
8
22
10
21
19
47
11
8
10
9
10
20
33
9
9
9
9
9
10
14
10
131
12
9
8
12
10
25
15
9
8
16
9
10
8
11
13
15
11
9
13
8
8
10
8
19
10
9
11
9
10
249
19
48
18
41
10
175
13
9
11
9
17
8
11
9
12
10
11
89
31
11
10
9
66
8
10
405
9
14
135
10
8
10
9
8
8
8
174
12
10
9
9
9
73
24
14
12
8
8
9
87
7
16
9
11
10
9
42
10
9
8
10
17
8
10
7
8
9
8
23
16
8
38
8
11
11
8
37
23
9
7
80
9
12
16
8
30
11
16
8
15
11
9
28
9
74
10
10
7
9
10
19
8
8
9
10
7
10
8
10
8
9
12
19
10
9
9
22
85
8
10
8
9
9
17
10
8
8
9
9
11
14
9
11
9
9
21
9
8
12
12
8
10
9
10
9
11
10
10
7
8
9
35
10
9
87
10
20
55
44
54
15
9
10
107
17
9
10
18
14
55
19
8
12
12
10
11
9
12
10
14
18
10
7
10
9
16
2847
8
35
10
8
10
16
9
37
8
12
11
10
67
29
23
33
11
10
17
9
540
9
9
10
9
11
17
8
8
14
13
9
13
12
25
9
10
10
117
9
9
21
11
10
16
81
9
114
16
12
14
8
16
8
10
11
22
11
11
9
11
35
9
10
24
8
9
10
28
10
9
12
8
10
9
9
7
20
8
8
12
34
9
193
12
28
18
333
21
9
18
8
167
69
102
9
9
8
32
48
8
11
28
23
8
95
12
7
9
9
30
448
9
7
7
9
16
7
12
7
8
7
8
9
27
8
100
7
8
32
8
8
11
8
15
8
10
8
8
9
11
8
27
9
8
23
10
7
9
94
13
14
7
8
15
8
7
7
8
10
7
8
14
8
7
8
20
8
8
8
8
71
29
10
7
8
7
9
9
32
14
8
70
8
28
9
7
8
8
23
8
9
9
8
9
8
14
8
9
18
302
60
151
8
9
11
11
10
8
159
35
11
168
462
12
9
8
10
10
9
10
10
9
13
41
10
9
10
8
10
83
9
8
9
172
8
589
10
337
11
8
10
10
9
10
11
9
11
9
11
9
9
10
24
26
8
8
11
9
10
8
9
8
10
11
37
10
8
9
14
9
10
9
9
9
11
10
9
11
10
10
17
9
9
8
9
19
7
8
10
12
9
59
11
12
8
38
22
8
10
8
8
9
8
14
9
37
15
307
8
1564
16
11
10
60
9
51
1534
45
18
3033
257
11
10
128
9
9
29
9
8
437
8
13
23
133
8
8
41
45
9
70
9
9
9
8
9
9
30
8
19
16
8
8
9
31
9
9
9
11
8
8
10
16
8
9
7
10
14
8
9
21
8
9
10
8
9
61
8
295
9
7
7
258
30
9
9
8
8
11
11
12
7
13
38
10
9
10
8
7
8
9
8
8
14
8
13
9
7
9
10
9
7
8
7
8
8
8
8
9
8
8
11
8
8
25
8
58
8
10
23
7
7
8
8
8
20
7
17
8
8
8
32
8
9
15
8
10
10
13
7
9
125
213
4780
10
53524
34
31
8
9
9
9
11
11
9
8
49
11
7
8
9
9
10
30
11
21
8
17
18
69
91
48
10
48
41
176
17
97
8
71
38
8
27
130
234
9
22
55
1502
8
8
8
16
1770
7
7
8
616
12
7
9
14
10
8
17
7
9
27
11
9
63
762
11
8
11
9
9
8
11
90
9
28
8
10
9
9
11
17
8
8
11
8
11
10
8
7
40
9
15
10
8
8
13
15
9
18
20
9
10
7
17
8
10
8
23
14
9
14
17
147
8
10
10
8
151
19
130
10
9
10
9
79
8
30
19
8
14
27
8
8
269
22
8
8
10
9
8
8
10
9
9
9
8
8
8
10
80
10
19
8
9
8
10
10
9
11
8
9
8
9
10
33
9
8
11
10
17
76
8
36
11
12
9
8
9
11
22
39
9
29
37
8
9
9
18
7
8
7
18
64
11
8
11
9
7
11
26
40
7
11
9
10
8
14
7
28
9
7
8
25
9
16
8
7
7
8
8
63
8
58
213
10
10
8
12
9
8
35
10
9
11
9
66
70
9
14
10
12
8
180
22
10
15
14
10
10
48
16
13
8
80
8
10
8
11
9
180
32
11
35
37
16
12
10
55
1087
616
343
8
28
62
9
11
19
17
9
9
8
93
237
8
63
9
63
7
7
7
99
49
241
9
8
14
8
11
9
51
9
9
32
9
10
90
19
8
19
8
16
15
41
8
9
138
310
7
31
18
17
8
9
17
10
9
8
13
21
16
12
42
17
9
10
11
8
8
8
8
9
117
22
358
43
31
67
9
14
9
10
42
44
10
8
11
10
8
9
9
8
10
9
46
102
9
14
12
8
10
8
8
16
21
8
9
383
8
8
9
8
10
16
8
7
8
3399
14
8
10
10
226
26
57
16
8
8
11
10
10
7
8
10
7
9
10
113
7
130
14
8
10
9
9
9
507
9
8
344
7
8
9
8
11
9
10
9
19
49
9
9
9
12
84
7
8
10
9
7
8
10
8
8
7
77
9
10
8
8
12
9
9
8
8
9
8
10
9
8
13
8
9
40
831
8
220
8
21
34
9
26
9
20
11
8
8
8
10
8
43
11
11
106
9
9
8
11
9
10
75
8
8
8
7
13
7
9
10
29
10
10
10
15
15
7
9
9
237
9
51
56
94
48
263
10
8
9
8
8
31
9
9
8
8
14
9
164
9
24
8
567
679
9
8
15
8
10
8
65
8
18
11
134
26
10
19
48
19
30
25
9
292
9
8
8
56
612
11
69
20
92
9
10
8
9
10
9
706
8
19
20
67
8
24
8
20
3006
10
10
112
90
32
83
8
9
11
25
9
14
81
8
62
10
14
26
11
10
9
8
8
16
153
12
9
15
11
12
9
104
10
9
82
13
9
8
9
9
10
56
10
9
9
8
8
8
12
8
8
8
80
10
12
56
8
12
9
10
8
9
17
8
13
9
8
8
9
8
9
8
9
16
10
8
8
20
9
9
9
8
8
8
63
8
9
16
87
8
9
8
20
337
10
12
19
8
77
8
10
19
8
22
51
11
7
11
8
9
8
11
17
10
524
9
10
8
14
10
13
105
9
9
8
9
9
10
8
67
10
12
11
10
9
10
12
9
16
10
18
9
8
9
9
8
11
9
9
70
19
11
577
370
8
348
9
8
1032
30
32
9
9
20
7
34
9
17
8
7
7
7
9
8
9
8
9
7
52
7
62
8
27
13
9
10
11
8
10
52
13
286
8
8
391
29
45
8
12
7
9
8
10
8
16
10
50
11
26
9
11
10
16
9
8
41
9
17
138
23
11
53
20
8
10
8
8
46
9
60
9
8
14
9
10
24
26
11
10
8
37
9
16
87
9
18
80
8
8
11
8
239
8
14
17
10
10
10
8
8
11
9
7
8
10
9
8
7
8
8
29
30
10
7
2048
11
11
14
13
8
7
15
10
47
8
9
8
12
8
89
7
7
10
70
9
7
30
13
9
9
13
9
10
13
9
9
14
10
8
9
7
10
7
9
8
10
36
9
8
11
10
11
8
7
41
59
10
7
9
14
23
9
9
9
28
20
7
9
10
7
12
9
9
19
8
19
8
9
9
8
14
10
484
8
20
1053
12
10
9
8
9
8
9
8
28
10
13
39
9
15
11
9
10
41
20
7
8
8
8
182
9
26
7
8
24
31
8
8
11
9
15
9
120
8
7
8
10
8
8
8
10
7
7
8
9
46
10
67
24
7
8
34
8
18
8
196
8
9
9
10
8
8
8
8
11
8
8
10
10
15
8
9
8
10
15
8
9
9
9
11
10
10
32
8
291
21
8
10
10
10
18
9
8
9
10
8
8
8
9
16
8
20
12
9
10
10
8
31
8
15
8
9
10
7
9
8
8
41
61
8
20
215
9
9
20
8
8
25
56
12
11
9
7
8
10
8
10
9
8
8
8
11
8
7
11
11
10
10
11
8
8
10
8
9
10
59
10
11
8
8
10
10
10
9
81
8
12
9
43
10
9
8
8
9
10
9
37
18
10
8
8
9
11
8
8
10
8
9
7
188
23
7
10
10
8
9
9
17
11
9
10
10
8
9
10
8
8
8
10
14
7
11
11
9
8
8
304
8
11
10
9
10
9
10
10
10
15
39
9
8
8
9
84
8
8
8
9
8
9
8
9
11
50
9
8
9
8
10
8
8
8
11
20
9
7
8
9
8
10
9
119
10
12
11
11
10
9
187
11
9
12
8
8
11
8
10
19
9
9
49
9
20
9
11
8
7
8
29
7
7
8
11
8
8
8
20
10
7
9
11
8
11
8
8
9
10
9
10
11
8
8
8
9
10
8
14
9
8
7
8
9
24
7
9
8
8
9
10
9
20
8
12
10
10
10
8
7
9
9
9
13
9
8
10
10
8
10
9
9
9
9
10
7
8
8
13
44
8
12
9
11
9
8
8
28
9
11
10
8
8
9
10
204
9
9
15
10
42
10
14
8
9
9
8
8
8
10
9
7
39
10
10
13
9
23
11
9
61
9
8
9
18
8
8
8
61
32
8
10
10
9
12
8
15
7
8
14
8
14
8
9
8
8
10
8
9
8
8
8
8
9
8
8
10
8
9
21
8
10
36
9
8
8
8
8
8
11
9
8
10
12
8
9
130
9
8
8
8
8
8
12
11
14
15
9
9
9
7
9
7
8
9
9
9
8
8
12
8
11
8
7
9
8
8
8
8
10
8
7
8
9
8
10
8
10
7
9
8
9
7
7
7
8
7
9
14
7
8
8
7
8
8
19
7
7
36
8
7
8
9
8
7
9
9
8
7
10
8
8
8
8
8
9
10
7
8
9
7
8
9
21
10
8
8
8
9
8
8
9
17
8
9
8
62
8
9
2358
10
28
69
9
16
10
33
8
60
127
8
35
17
9
18
9
20
8
9
10
19
9
14
9
8
29
10
11
14
16
8
8
920
11
8
8
8
25
19
253
13
8
8
8
10
11
10
18
8
8
7
34
8
8
8
17
10
10
11
12
8
8
17
8
20
10
8
8
10
9
8
9
18
8
8
8
10
8
10
8
10
8
8
520
5007
10
25
728
66
85
11
74
8
13
74
8
8
8
8
8
8
9
78
7
8
9
9
56
9
22
7
8
8
122
8
9
8
10
11
8
11
8
8
31
9
8
56
149
8
76
9
8
7
17
770
9
9
157
142
18
155
1020
12
9
8
9
9
45
9
67
9
10
234
411
11
125
8
9
121
8
26
10
47
14
8
9
92
8
10
25
9
11
8
171
8
53
10
8
17
11
8
1318
10
14
10
10
12
9
9
722
12
9
14
9
9
9
51
15
16
9
26
9
9
7552
10
4709
211
54
9
79
234
8
9
167
8
9
457
10
215
9
35
8
8
383
10
45
9
10
17
10
63
9
10
27
9
10
8
10
8
10
10
13
18
28
9
8
8
69
11
9
9
10
9
16
10
9
8
9
11
8
9
9
26
8
8
10
8
9
22
9
24
7
9
8
12
10
595
8
20
24
8
8
13
8
10
8
8
8
32
8
8
13
11
162
21
74
23
22
46
11
99
114
22
16
50
10
63
10
11
22
13
10
8
51
222
8
50
467
101
15
9
11
8
13
13
8
9
8
15
260
8
7
8
9
9
9
16
14
8
10
21
15
9
20
7
18
9
8
81
1184
8
8
31
28
9
53
26
25
10
8
22
9
877
10
133
13
81
843
22
8
132
181
47
7
8
80
13
8
168
17
8
8
8
8
10
8
11
8
8
16
25
8
8
239
8
8
8
10
77
8
1975
8
9
82
15
8
8
326
67
10
10
8
8
10
11
8
8
8
9
8
25
8
9
9
7
89
7
23
12
8
10
8
10
9
10
7
7
7
7
8
10
9
10
8
9
9
9
8
10
20
8
10
11
7
8
37
9
9
8
10
12
8
8
7
7
7
7
7
128
10
11
21
33
7
405
16
81
12
8
273
9
273
104
12
8
10
7
17
8
10
7
9
8
8
119
10
53
8
15
7
8
506
9
44
113
9
28
27
10
8
17
8
8
11
13
133
9
9
10
9
8
10
8
30
11
37
21
11
13
11
10
14
10
8
315
11
759
28
9
9
34
1197
47
39
156
853
8
38
8
4782
7438
508
406
11
301
92
8
9
12
10
9
10
11
34
15
8
127
9
21
12
19
63
111
267
32
35
9
9
17
167
26
9
9
33
38
8
18
19
8
20
297
19
11
12
65
90
8
18
8
7
13
8
9
8
11
9
56
11
10
18
8
81
64
9
9
9
8
682
43
8
10
8
10
11
9
42
14
8
15
9
21
28
8
9
11
8
10
12
9
8
8
9
10
7
10
6454
33
22
10
54
9
10
11
8
8
11
8
16
11
9
16
8
11
8
11
8
35
18
8
8
16
8
9
8
9
11
11
9
9
8
837
8
13
8
9
8
4066
8
24
9
11
8
9
8
8
8
8
8
9
9
9
9
11
138
8
7
8
42
9
10
9
8
8
9
10
8
19
8
9
13
10
10
10
18
8
8
11
11
12
25
8
8
8
10
8
13
14
18
9
8
7
7
33
10
9
8
8
9
8
9
8
9
8
8
51
10
11
836
275
57
295
277
10
123
8
9
8
8
8
9
8
8
7
12
8
8
8
118
14
10
8
9
8
9
9
8
9
11
8
10
10
15
9
11
10
10
25
74
20
10
79
9
9
10
10
10
10
31
8
8
9
8
10
9
11
789
8
10
10
10
8
7
8
9
9
29
10
9
14
9
18
85
10
26
9
20
10
8
9
9
9
9
9
10
9
9
9
9
9
8
7
8
9
12
33
8
9
10
13
9
10
8
8
9
9
8
8
8
17
12
10
9
14
11
13
9
7
10
93
8
14
7
69
9
8
16
9
114
19
11
8
10
14
10
13
12
11
8
37
26
8
8
10
15
9
8
8
8
9
8
9
9
342
14
9
9
8
9
19
8
10
18
20
60
8
8
8
8
7
10
14
10
13
8
9
9
9
9
9
11
10
9
27
8
8
7
12
16
9
8
8
8
105
9
8
14
12
7
8
11
9
9
9
8
10
9
8
9
9
27
9
9
8
8
8
8
7
7
8
8
8
7
8
8
9
10
9
9
8
8
8
13
741
536
8
23
11
16
543
23
10
8
67
9
371
10
8
21
23
54
11
16
9
13
10
13
12
8
8
13
17
9
8
10
8
8
8
8
10
8
9
10
8
19
9
10
9
10
9
10
8
3182
9
7
10
10
8
179
91
25
90
15
21
8
7
179
10
10
22
76
21
10
24
8
10
10
129
41
8
24
9
9
15
269
190
8
9
84
55
8
8
8
55
15
15
10
17
8
10
8
298
12
48
9
9
12
10
9
8
8
10
9
9
14
300
12
14
42
38
201
21
9
12
10
9
18
9
30
8
73
8
48
11
8
616
67
8
12
104
10
10
11
24
8
18
15
8
10
10
11
12
11
8
9
9
25
19
8
9
97
12
20
25
9
395
146
10
229
9
20
10
10
22
8
8
112
33
9
8
7
23
10
8
8
12
8
8
8
14
12
26
9
8
10
9
90
15
11
39
80
10
7
171
72
12
9
12
14
213
9
10
19
8
84
9
84
50
11
9
10
9
10
9
11
25
10
9
15
77
169
9
9
16
409
9
7
11
8
9
11
7
9
8
127
8
9
9
9
20
11
10
142
31
8
9
8
35
8
8
9
8
10
8
8
8
8
8
9
106
32
8
11
21
9
9
10
16
9
12
15
8
17
10
9
8
10
120
8
9
12
10
15
8
8
8
8
8
9
9
290
9
7
35
10
12
272
10
10
10
12
22
13
13
7
20
9
8
13
8
248
10
9
18
10
8
9
43
24
10
10
10
9
10
10
26
11
10
65
7
8
8
36
8
11
8
9
8
10
8
9
10
9
7
12
10
8
55
9
8
9
8
12
8
8
8
8
8
8
9
8
8
10
1300
8
8
9
8
8
12
8
9
10
8
7
10
8
8
8
8
8
18
10
15
8
10
11
9
8
8
8
13
8
14
65
9
19
9
8
8
8
8
8
11
8
8
9
8
8
8
8
9
58
8
9
8
8
8
8
10
8
8
8
10
8
9
9
8
7
8
9
8
7
8
8
9
11
7
7
7
8
9
10
8
7
8
8
7
10
9
8
8
8
8
8
9
11
9
7
8
8
9
12
8
8
54
10
42
9
23
10
10
8
8
8
8
8
19
9
8
8
9
8
8
8
7
8
8
13
10
15
7
8
10
9
12
8
8
8
8
21
7
8
8
14
8
8
9
8
8
8
9
9
8
45
9
8
8
8
8
9
8
10
18
7
9
8
50
8
8
8
8
10
10
9
11
18
8
8
14
10
9
140
8
9
11
10
314
20
28
10
9
8
8
8
7
8
8
8
7
10
8
8
8
9
9
8
19
8
48
8
8
18
7
9
8
7
8
19
7
10
7
24
8
14
8
8
32
8
8
13
8
8
8
9
8
108
11
9
18
8