105
138
116
107
128
133
134
132
138
142
140
130
133
133
138
135
134
136
134
136
136
135
130
134
126
126
108
142
172
139
120
141
135
122
127
129
122
127
122
119
122
120
123
132
116
105
105
128
113
140
114
124
138
106
137
113
123
128
125
131
124
105
117
120
126
137
135
106
137
133
134
134
131
118
122
121
139
121
121
135
122
106
133
1
106
133
122
134
123
138
106
120
132
125
115
105
141
128
119
130
126
124
122
129
10
122
129
141
141
10
123
113
107
132
118
105
121
10
135
139
2
124
122
118
124
123
142
134
136
109
127
126
153
123
137
122
130
122
107
119
144
137
122
126
116
135
134
134
132
144
138
136
10
121
118
141
121
116
121
122
107
122
122
117
108
125
154
133
116
127
121
116
115
143
113
126
120
125
122
105
125
10
123
113
126
126
130
129
131
122
133
121
125
123
121
132
121
138
105
120
126
120
105
121
137
119
136
123
115
122
122
115
134
133
125
105
119
128
127
130
132
145
154
146
145
144
166
137
135
152
148
125
128
141
133
123
134
142
133
175
141
143
134
138
138
132
128
107
132
152
118
139
144
149
128
143
145
135
134
133
143
140
141
142
133
121
118
105
125
10
129
105
124
1
126
146
128
1
138
138
129
107
122
136
138
125
140
167
126
10
141
145
1
129
117
133
1
1
117
130
130
119
119
118
131
138
140
140
105
129
134
128
134
133
129
129
133
118
128
130
125
135
116
143
136
139
130
133
130
149
121
134
141
131
10
140
113
122
128
10
130
140
141
135
140
139
137
132
127
129
135
107
133
123
132
107
124
131
124
135
120
106
108
136
131
106
106
126
105
10
10
133
105
119
121
112
125
105
132
131
105
1
476
131
138
146
141
124
141
116
125
128
127
129
133
311
141
116
168
140
144
156
133
118
139
133
145
132
134
140
132
128
144
136
145
124
141
151
136
204
128
149
942
123
132
142
128
136
122
134
151
138
135
142
131
151
154
162
151
143
138
136
144
127
167
137
149
142
137
138
156
107
136
137
126
131
135
170
120
127
129
125
135
151
132
145
137
148
159
147
137
125
134
128
124
141
142
151
125
105
139
137
141
138
141
135
124
132
128
139
124
152
133
449
145
136
119
122
155
164
135
138
142
149
127
579
126
147
149
141
144
132
146
136
202
140
150
155
127
149
152
138
118
177
138
131
232
138
129
133
130
141
132
139
138
154
141
135
448
135
152
150
144
132
133
133
130
130
127
135
141
131
123
138
124
132
142
130
130
130
120
145
125
135
129
127
137
132
128
130
130
132
134
131
133
131
10
123
119
131
139
127
122
131
122
132
141
109
107
132
118
10
134
144
139
131
134
139
116
107
133
128
129
142
136
10
130
129
138
10Œ⁄¿º≤Ï≤º√À
126
10
136
10
121
125
125
120
10
121
10
131
121
137
129
137
122
123
128
20
132
137
130
107
105
10
126
124
125
117
130
135
166
10
130
10
127
123
144
129
105
127
125
125
107
119
126
138
119
127
108
136
134
1
105
117
125
10
123
120
134
130
140
107
123
132
138
127
135
133
120
136
110
129
137
123
151
135
108
119
121
127
120
124
120
130
118
122
126
122
129
135
118
142
126
108
117
121
130
130
119
116
130
129
117
128
120
128
130
121
134
133
128
117
122
110
140
133
10
124
120
133
129
125
10
139
134
148
129
129
134
130
128
121
131
125
126
115
10
123
139
139
126
122
133
10
139
117
119
134
10
125
115
107
1
130
131
120
121
133
107
128
121
10
125
105
117
107
150
122
129
123
130
133
143
115
115
129
107
136
127
10
132
140
10
133
141
132
127
152
130
127
116
128
129
115
118
120
129
194
3
124
131
121
123
123
137
138
131
140
146
133
143
127
139
128
128
114
140
128
133
144
167
126
130
133
141
119
120
150
107
116
544
136
130
133
137
134
135
130
136
131
227
252
336
145
156
143
136
122
205
131
151
142
1
132
1
129
133
123
121
129
126
10
107
118
116
108
108
113
143
114
123
138
138
137
131
144
123
132
138
121
136
118
128
10
141
144
147
140
135
175
139
136
138
133
107
128
145
133
114
124
116
136
120
107
149
116
133
125
121
204
116
120
107
10
123
137
141
122
107
109
108
123
119
137
119
125
107
105
127
116
131
120
128
129
127
126
127
107
114
123
124
136
131
120
130
105
133
122
155
208
131
132
131
124
137
184
118
142
132
183
10
107
150
116
109
129
139
105
105
144
114
115
110
119
122
136
134
122
114
132
122
132
135
107
118
130
118
118
140
140
157
136
180
141
130
128
135
132
122
144
133
130
136
128
135
126
133
146
142
128
137
144
380
144
133
124
127
113
122
114
10
105
123
105
121
123
122
120
126
118
105
140
153
135
140
119
133
130
130
132
137
10
117
128
119
144
113
125
130
126
123
115
135
136
115
119
115
119
134
121
116
107
124
123
107
131
134
117
121
123
120
123
107
127
117
108
107
132
141
107
142
109
132
133
135
107
125
109
118
128
173
126
134
135
147
120
132
130
125
120
128
160
144
108
107
108
108
161
107
121
121
126
132
128
119
118
133
139
129
107
135
164
174
128
131
130
128
129
135
135
126
127
136
139
1
124
135
105
127
126
124
137
109
134
132
151
127
105
105
119
128
118
122
119
114
135
147
115
119
136
123
138
123
138
127
132
137
138
105
105
142
133
118
115
118
120
118
107
119
114
107
108
10
134
124
133
140
140
132
107
10
141
135
122
120
129
119
144
124
117
152
10
127
127
136
123
135
138
122
136
136
135
122
114
127
115
106
142
122
123
135
135
131
114
133
110
127
136
147
132
137
131
129
127
118
126
138
139
143
124
113
138
112
135
129
143
139
132
124
131
138
131
129
139
137
126
128
129
121
125
106
117
133
117
131
131
124
1
134
126
133
132
126
124
116
147
121
144
121
135
126
115
128
136
110
118
137
135
134
114
124
138
131
146
137
118
125
140
200
125
128
132
135
135
105
142
130
112
110
136
108
117
118
107
113
145
118
122
128
127
132
183
125
154
128
121
139
117
138
105
123
121
107
140
138
107
116
130
107
125
10
122
106
120
119
114
122
140
114
127
130
107
130
125
161
132
130
137
128
136
137
117
127
232
132
123
119
134
119
119
140
128
121
137
123
146
127
122
125
144
112
122
136
10
133
122
105
139
122
119
139
127
117
116
123
142
105
132
10
119
135
135
128
121
105
136
159
142
143
143
145
144
136
195
218
129
122
123
130
3
124
128
108
137
134
124
135
141
125
133
123
133
133
137
124
143
142
135
131
134
129
144
140
137
140
148
159
132
138
140
136
137
144
109
121
127
146
120
140
121
146
142
142
130
131
125
137
136
128
145
145
180
146
134
133
145
141
137
139
133
133
131
136
10
123
132
145
129
129
137
143
140
130
126
145
107
136
140
146
142
136
142
129
175
128
135
126
144
133
253
134
139
126
118
127
10
136
135
139
133
144
125
146
116
125
107
120
116
122
107
122
10
10
10
107
123
117
137
131
125
117
139
107
108
131
131
135
142
141
105
133
116
126
125
126
127
138
135
138
120
119
114
120
123
105
139
137
140
105
10
131
120
105
107
126
124
136
122
131
120
1
106
125
132
124
124
141
137
119
118
124
122
136
10
10
10
10
125
116
146
116
128
120
130
135
149
177
139
118
133
119
141
129
142
185
134
107
124
126
173
132
129
106
10
121
126
118
128
131
124
128
122
110
132
109
140
144
130
143
107
269
138
147
140
107
122
116
125
10
132
107
122
122
10
120
140
119
120
105
124
130
138
131
140
140
138
128
123
123
120
130
118
10
10
134
127
139
133
10
10
125
135
129
125
124
136
109
107
123
122
118
122
10
121
123
105
127
124
133
127
105
120
137
121
10
121
107
121
139
116
107
128
127
107
121
107
118
105
137
123
121
10
128
145
10
10
107
105
115
125
125
134
121
121
179
134
107
118
107
127
134
128
136
108
123
141
145
117
121
117
137
130
119
127
131
140
142
374
113
10
143
129
107
124
107
134
123
117
107
128
133
148
116
10
135
152
137
120
137
135
117
130
121
126
125
129
131
138
145
122
143
140
121
120
125
10
121
125
121
10
128
1
123
122
120
121
107
119
124
128
133
123
132
108
130
129
120
129
125
137
141
670
133
145
126
141
126
128
132
136
116
106
131
131
131
123
125
125
133
10
124
133
10
10
107
135
126
116
135
138
134
137
121
107
107
10
133
118
108
133
10
128
138
134
125
134
132
140
128
133
147
121
138
131
143
145
131
139
142
131
10
134
139
128
125
128
114
1
123
107
129
107
123
109
121
138
136
136
106
121
127
141
122
128
1
123
137
121
121
122
129
138
121
133
141
140
118
123
120
130
121
130
10
134
140
109
140
139
134
146
138
133
142
114
124
124
117
108
139
135
128
112
133
140
121
137
130
129
115
123
127
105
144
136
139
105
117
131
135
122
120
148
148
115
108
135
133
127
135
122
142
10
115
129
118
122
120
119
138
116
123
125
133
132
10
123
133
140
134
164
129
135
127
130
114
117
105
123
138
151
116
131
131
127
130
123
105
125
127
140
115
10
10
105
107
10
10
10
386
122
126
10
10
106
121
116
137
130
134
107
110
125
131
135
128
129
133
280
128
118
120
113
134
135
119
140
132
133
134
142
146
120
142
146
182
137
141
135
115
130
10
140
128
128
129
10
118
10
136
132
115
135
10
132
119
164
127
135
135
135
138
107
133
130
108
1
125
123
139
145
123
107
115
105
107
127
142
143
121
135
140
149
134
135
132
126
133
121
105
113
107
139
124
115
125
119
118
138
10
123
129
115
107
121
123
112
124
107
108
133
121
10
143
130
122
127
130
135
124
135
137
133
135
132
139
220
169
123
138
125
122
148
132
135
135
136
138
144
146
121
118
135
152
152
137
143
141
133
162
1
133
166
139
132
142
152
125
115
134
142
137
152
126
122
140
126
143
133
137
165
154
210
126
191
135
117
136
143
142
133
141
135
152
134
118
153
149
134
135
118
127
152
164
107
140
295
271
128
138
154
138
148
139
122
146
133
120
161
135
133
133
151
126
139
132
125
124
126
150
141
128
166
119
145
142
135
142
136
129
130
140
139
124
309
138
133
133
138
137
120
133
130
141
135
129
141
133
178
107
120
116
10
128
125
10
121
139
10
10
116
143
138
137
142
122
161
121
119
130
132
124
122
120
201
105
132
119
120
132
132
116
120
121
123
109
105
128
118
124
126
10
156
124
116
124
127
131
133
129
121
131
107
121
123
121
112
110
119
123
120
117
125
115
117
132
131
126
121
107
1
131
131
123
124
10
142
128
118
107
146
119
120
132
138
195
133
121
139
131
133
131
123
119
120
136
10
123
132
122
123
120
108
109
142
128
133
138
131
140
107
133
220
123
126
117
110
114
106
132
107
117
147
120
120
119
119
125
107
142
107
136
10
118
146
126
137
125
135
137
120
128
128
136
131
107
133
124
130
125
115
117
121
130
128
119
137
155
123
196
10
1
134
10
115
134
136
141
122
124
120
129
125
134
124
137
139
107
117
123
118
128
116
138
133
116
134
137
129
145
122
136
10
130
132
123
107
109
132
131
121
141
135
135
136
124
135
118
143
149
123
135
121
134
142
10
107
107
123
10
113
130
127
131
129
127
109
123
106
142
107
125
124
134
127
132
147
146
130
133
132
122
135
134
10
10
130
121
122
137
10
121
120
132
119
115
129
134
10
122
118
10
125
129
129
136
130
119
10
107
10
126
121
132
107
127
143
146
140
145
118
138
130
125
10
134
105
148
147
110
108
117
128
125
137
140
148
129
143
143
137
142
138
118
127
135
131
123
118
133
120
139
115
105
134
134
143
123
113
136
125
140
123
130
120
128
129
135
10
10
144
197
136
112
138
134
126
146
132
120
131
147
135
131
131
163
131
128
134
136
145
136
121
131
122
139
144
10
145
142
136
139
136
10
141
127
140
140
108
127
123
143
142
145
128
147
107
10
137
126
129
139
139
137
135
105
105
132
127
123
129
135
10
1
117
124
124
124
118
107
129
107
127
107
116
123
121
132
127
128
124
120
133
138
123
108
108
121
118
109
139
123
129
125
123
125
130
123
127
116
119
119
113
126
127
105
125
125
121
106
110
134
116
129
124
120
133
140
139
115
133
140
134
121
139
138
129
130
126
107
1
124
127
123
118
136
105
109
122
134
127
122
145
135
121
134
124
121
139
10
138
163
119
120
121
121
132
145
141
114
10
10
107
116
128
125
130
124
115
116
125
144
131
136
1
141
138
133
134
135
147
139
135
147
142
136
135
130
117
137
10
124
127
115
124
124
118
124
140
141
131
132
139
146
133
136
131
105
107
130
130
133
130
126
128
107
128
121
132
129
123
118
124
143
10
130
132
138
137
108
131
133
136
132
123
105
137
122
137
131
126
117
127
159
145
132
145
138
124
1
143
123
134
159
134
121
135
143
137
124
132
146
125
133
127
134
141
124
127
130
10
120
120
121
132
129
125
135
138
134
122
126
120
129
121
125
127
107
127
136
133
119
123
129
142
10
1
130
139
142
131
142
136
142
141
121
151
117
113
107
10
136
135
127
126
105
133
118
133
116
134
136
123
1
149
1
129
105
135
107
123
118
106
105
128
138
107
122
127
115
107
123
139
123
127
132
132
133
128
129
136
124
121
132
144
121
10
131
145
137
138
113
134
131
121
130
138
114
123
142
142
133
140
148
135
132
134
136
137
121
10
119
120
119
140
140
140
134
138
145
132
131
134
121
128
1
134
1
142
10
136
124
130
10
133
135
10
128
122
139
116
135
139
133
141
143
135
130
124
131
126
139
135
127
129
140
140
160
128
135
127
118
127
126
128
116
119
110
133
108
123
107
134
10
144
132
132
107
10
134
124
108
128
138
129
107
137
128
126
126
107
115
123
125
114
115
107
123
10
135
110
123
136
107
105
139
130
147
107
107
122
118
125
118
105
136
121
126
117
107
120
121
117
148
107
129
138
122
108
126
142
119
130
127
153
132
120
140
420
138
131
136
132
147
145
131
119
6
119
162
105
145
151
128
124
119
107
115
116
1
110
125
120
107
107
124
117
134
123
113
109
107
125
125
121
108
109
126
1
118
119
134
143
126
131
119
115
117
132
122
120
118
134
136
114
132
139
134
127
139
142
107
10
128
107
123
121
133
113
125
122
110
121
128
120
107
118
120
150
132
124
139
106
134
10
129
122
107
132
1
116
132
128
125
105
123
137
127
107
107
118
150
116
119
123
121
137
134
128
132
115
146
142
127
137
134
141
148
133
133
134
138
120
142
132
135
119
134
127
107
135
119
135
132
140
125
125
136
153
131
130
115
135
132
142
156
145
123
133
10
10
120
129
133
140
120
131
143
133
131
145
107
107
124
10
128
107
121
122
136
137
126
131
121
119
138
109
114
147
107
138
120
128
135
125
124
10
119
128
125
134
126
122
122
137
131
120
132
121
145
136
105
118
105
117
137
120
134
120
123
134
137
1
127
123
132
140
151
118
142
120
127
121
107
136
118
112
122
124
125
105
127
138
121
122
122
144
134
120
141
105
128
115
131
130
1
136
10
126
10
121
107
109
126
123
124
10
131
132
139
134
130
154
131
10
118
105
139
130
131
145
127
126
141
130
148
140
10
122
107
133
125
157
133
108
123
115
118
10
130
117
124
10
116
135
136
126
121
107
134
132
124
129
137
132
137
151
140
119
131
138
126
109
141
113
113
1
120
134
132
124
117
133
1
119
138
125
124
124
129
127
118
122
133
126
112
124
141
10
107
131
120
149
123
10
114
128
125
106
135
135
1
191
139
138
118
119
132
138
138
141
146
143
141
136
134
132
129
139
131
127
10
122
131
137
147
116
122
105
127
171
107
120
125
128
138
144
107
142
120
128
128
144
130
144
140
121
138
122
116
1
141
120
138
126
132
130
113
126
139
120
128
143
136
136
129
138
126
152
128
140
118
132
137
109
121
120
112
130
1
108
122
125
127
124
126
117
121
10
122
121
133
122
123
139
130
119
142
136
136
210
132
136
132
122
120
144
116
123
119
136
120
125
116
123
118
129
131
122
105
129
158
122
123
118
122
112
108
126
123
10
107
126
117
123
127
260
137
125
109
124
10
118
120
122
130
119
123
136
121
126
128
128
122
120
114
121
121
130
127
131
120
133
128
10
128
117
138
133
138
126
139
148
145
132
10
124
107
147
118
125
10
105
130
122
122
116
107
137
130
146
121
211
149
133
135
147
135
143
138
128
1
138
144
121
140
118
134
139
127
133
135
120
146
128
122
258
144
135
135
132
107
166
143
148
120
130
10
10
10
125
133
1
130
143
134
139
206
138
136
142
128
128
143
135
139
139
116
136
138
132
126
136
138
124
138
131
129
136
131
129
133
126
117
150
130
134
309
134
141
131
127
144
131
125
127
128
137
135
149
119
133
156
107
119
107
133
120
131
126
115
122
108
123
130
126
118
136
118
164
130
152
115
124
127
132
120
120
121
214
122
110
122
136
129
129
126
117
122
107
109
122
126
131
127
126
210
107
144
122
124
108
121
110
119
105
105
180
132
127
122
137
108
10
128
114
126
125
118
125
125
133
151
123
123
119
138
142
123
128
159
141
143
147
138
105
139
118
131
127
148
116
131
129
141
120
152
119
126
107
10
132
128
186
10
129
123
105
132
137
134
133
129
137
140
121
146
150
147
131
133
119
125
133
130
135
132
135
10
124
117
143
133
143
147
127
146
141
142
120
114
140
109
116
123
107
118
122
114
135
124
128
137
146
130
127
133
131
130
106
131
159
134
143
125
123
132
118
133
124
139
116
136
114
135
125
117
120
109
156
147
131
125
137
136
121
130
130
133
141
122
1
10
131
141
123
141
141
147
135
137
112
132
129
123
133
119
122
122
109
141
128
137
119
138
105
139
133
126
121
140
131
126
125
128
139
132
132
146
139
139
138
134
143
143
121
132
126
133
141
130
120
143
130
134
164
139
131
130
132
122
128
115
123
146
137
116
137
122
114
118
129
134
139
137
132
129
139
116
140
145
136
128
139
105
137
134
128
130
141
129
133
141
137
10
138
137
153
10
1
129
107
130
146
135
140
132
132
134
127
121
112
107
117
124
107
108
107
119
132
116
121
118
110
117
107
120
123
107
105
152
126
118
123
107
133
105
129
122
120
117
122
115
122
120
136
124
131
116
119
106
122
138
135
138
134
132
127
146
121
105
2
138
105
199
131
130
118
10
129
128
106
132
139
132
131
131
135
135
121
113
121
108
133
120
129
124
126
131
136
124
131
132
132
130
122
108
126
127
135
105
118
125
133
10
10
132
10
136
128
122
132
115
127
125
121
144
135
139
135
142
131
119
118
139
135
109
122
105
137
129
141
127
131
121
105
122
123
136
123
136
10
134
137
141
117
136
153
137
118
127
122
133
140
1
121
116
122
113
10
10
125
10
120
126
105
136
136
127
121
143
117
107
126
109
145
105
128
132
10
121
122
1
131
132
119
138
122
105
134
136
137
148
130
132
133
134
107
117
118
142
108
10
10
121
10
10
135
113
119
137
126
10
10
132
132
137
115
119
116
120
138
122
10
10
122
124
140
128
134
10
122
115
122
107
135
115
1
150
119
140
108
138
127
106
105
117
134
121
121
133
133
136
134
133
127
122
105
120
10
133
133
108
133
120
115
119
120
130
123
116
118
127
107
121
121
127
134
120
115
138
138
137
120
107
174
1
131
10
107
130
131
128
113
129
107
114
107
126
133
125
113
139
116
127
122
148
151
130
107
131
119
120
121
131
110
10
152
128
136
121
133
134
124
137
139
125
134
125
140
143
133
198
138
137
127
136
140
1
132
135
141
122
132
119
113
130
128
123
105
1
115
125
116
116
139
140
136
144
131
128
128
141
128
138
127
136
127
121
132
119
144
135
133
123
143
124
137
138
139
134
114
105
117
141
122
124
10
139
129
10
130
131
105
122
147
408
138
140
138
155
10
120
135
135
107
198
127
139
143
121
137
128
146
130
143
126
130
123
122
123
137
116
129
117
118
114
117
123
130
126
129
129
135
125
125
120
123
124
125
118
137
121
128
132
127
105
129
1
139
105
123
131
118
119
123
107
126
133
138
105
1
130
126
123
106
139
122
138
121
117
130
136
126
126
134
124
125
135
118
122
121
129
138
125
140
142
136
140
148
135
133
132
126
136
134
144
132
134
133
140
123
141
10
138
134
107
170
109
143
150
10
124
122
115
139
136
122
125
109
136
137
141
130
136
137
135
146
130
130
128
118
138
131
117
138
127
130
136
119
109
137
120
105
128
133
109
122
121
133
279
121
10
105
121
105
105
118
117
105
127
122
105
10
105
128
122
120
108
123
138
136
146
133
139
133
131
122
138
109
131
139
142
136
120
146
134
133
136
127
130
106
118
133
135
122
117
122
122
107
127
140
122
129
125
10
120
126
135
118
131
132
127
120
138
134
114
109
143
139
140
137
146
139
143
137
138
143
135
122
140
143
119
131
173
151
121
125
107
144
117
108
119
119
10
119
123
124
136
116
134
120
134
124
116
130
106
117
115
123
138
119
119
130
124
129
115
131
120
10
130
127
124
126
139
195
137
137
130
128
131
107
139
136
107
105
131
127
121
136
113
107
117
126
140
134
117
131
10
109
10
131
118
122
124
126
133
131
130
135
128
126
123
118
133
116
137
137
107
142
141
133
137
118
126
128
144
116
141
138
135
143
133
140
148
135
130
131
10
140
135
135
118
143
134
133
138
219
137
137
146
140
139
137
145
130
123
137
124
134
112
109
134
121
127
135
144
135
136
138
107
124
125
132
142
139
143
140
135
119
132
135
135
135
10
106
135
144
144
137
131
142
140
134
160
120
132
121
115
137
143
128
10
120
177
118
109
105
120
10
122
121
105
123
141
105
114
137
127
110
136
117
120
210
123
128
123
144
131
148
143
131
145
130
135
143
140
135
132
139
144
133
137
131
148
107
107
136
137
140
133
117
133
113
123
119
116
125
130
127
106
105
120
133
1
121
136
121
135
132
116
125
133
110
105
133
129
121
128
115
10
140
132
149
125
138
132
10
134
122
122
123
113
143
131
132
129
122
129
122
122
118
120
107
132
131
126
105
120
127
120
105
156
119
135
122
120
119
121
121
139
117
128
131
128
133
135
129
135
106
120
10
128
130
121
134
130
105
120
138
129
127
140
136
120
121
119
158
142
114
145
106
122
120
10
10
10
132
122
129
141
139
119
126
142
115
107
122
122
10
122
119
124
195
123
107
107
121
109
119
143
132
128
121
132
113
121
124
121
126
105
125
131
132
137
131
10
128
105
142
132
108
109
111
106
123
131
10
125
132
120
123
113
123
126
121
138
132
105
113
10
121
132
116
140
140
142
134
113
116
118
134
120
134
128
133
141
127
121
130
117
122
134
148
147
119
133
129
119
145
107
118
107
121
118
117
118
105
141
217
124
140
141
181
122
123
119
124
121
127
144
151
144
142
130
107
107
122
105
135
132
135
127
135
138
140
136
107
135
123
120
121
107
138
128
115
135
146
128
107
110
107
107
130
126
124
119
110
125
140
140
134
138
144
129
127
10
146
144
131
141
133
136
145
128
127
116
143
123
126
121
136
135
128
149
138
136
137
131
128
122
122
113
131
116
137
128
115
118
119
132
133
124
165
163
133
136
137
134
137
142
136
127
113
140
138
134
147
136
122
144
145
159
127
129
142
133
133
138
137
146
127
139
140
133
125
138
139
140
135
133
130
147
139
129
114
106
133
122
137
137
135
105
135
112
121
107
123
128
126
123
119
138
138
124
121
119
116
128
131
121
120
10
128
129
136
120
140
134
123
1
107
10
124
126
125
136
117
115
107
134
123
129
114
140
119
112
128
130
117
107
105
135
129
122
144
127
126
116
141
126
134
127
139
119
115
107
123
119
128
120
125
122
135
127
146
123
134
113
121
118
120
137
139
131
130
136
105
105
149
139
146
119
147
135
126
138
134
126
121
132
10
115
10
140
138
114
137
131
134
145
140
1
133
135
136
120
116
107
123
129
122
133
130
135
123
107
122
122
119
130
126
121
126
128
126
130
122
138
196
122
133
128
133
127
131
127
130
151
129
10
122
105
128
128
126
125
127
131
136
122
130
128
131
127
130
124
131
119
125
131
140
123
134
133
147
141
146
131
134
148
153
139
139
135
133
136
153
140
150
128
106
136
136
105
134
127
136
131
133
121
125
132
107
140
146
132
130
119
121
141
130
140
131
122
136
135
135
140
138
145
130
116
135
120
107
110
138
132
123
118
132
105
133
108
139
117
135
129
123
121
132
190
140
105
143
115
125
135
125
120
115
128
132
107
116
121
131
131
128
132
143
123
114
107
132
132
132
129
116
121
136
121
109
149
131
107
107
123
119
118
107
135
137
114
106
132
120
122
122
121
141
116
114
133
126
10
122
10
137
130
123
121
131
134
135
130
130
105
118
122
152
133
136
135
2
126
145
137
123
137
120
131
10
141
130
135
105
123
117
135
136
122
7
135
133
105
150
122
132
135
133
113
131
132
120
127
128
134
148
136
129
122
123
106
123
107
121
119
133
131
123
107
107
10
144
134
174
125
122
193
116
119
10
123
132
119
125
135
125
135
124
165
143
114
142
119
10
136
105
121
129
114
123
107
10
107
105
126
122
116
134
129
133
136
131
137
138
139
135
142
125
125
2
130
130
117
107
127
170
121
125
158
131
121
128
118
120
107
108
133
107
119
134
126
138
152
123
119
137
128
137
121
135
10
129
139
112
141
117
128
134
118
128
149
146
135
128
138
128
148
130
158
144
124
129
123
10
115
126
131
129
136
130
116
128
115
105
122
133
129
115
148
128
126
147
132
116
117
148
129
135
121
120
142
170
143
107
154
124
107
122
116
128
105
116
115
110
10
138
115
124
129
130
133
137
128
127
131
126
10
118
118
107
121
135
140
142
114
140
194
135
125
147
152
133
188
178
183
147
143
162
132
134
148
125
139
144
143
124
146
138
142
115
143
132
137
139
124
10
140
126
124
142
139
133
138
131
138
118
135
107
122
121
129
138
122
137
120
123
132
141
144
146
121
132
128
116
10
142
123
136
132
143
120
130
10
128
126
133
115
137
136
132
127
144
166
128
147
142
135
140
127
132
232
123
142
145
136
153
134
125
118
132
125
121
130
122
106
123
105
162
124
127
126
130
138
121
122
130
136
123
135
122
116
107
116
121
130
143
137
122
142
135
119
122
138
130
10
10
134
133
133
142
147
107
130
123
128
121
128
127
133
131
107
376
126
131
123
132
148
125
141
128
130
130
149
180
124
145
1
116
120
133
112
105
1
110
125
135
135
121
135
116
131
1
144
110
107
133
146
125
135
118
123
133
115
10
117
170
131
126
139
123
139
143
118
148
139
124
127
115
136
117
131
131
134
124
122
138
142
128
122
131
128
138
141
143
125
121
134
138
118
121
105
125
135
125
119
120
129
132
120
107
131
120
134
128
123
118
126
124
129
127
135
131
132
135
141
147
132
143
135
105
126
135
146
130
211
118
125
107
127
137
10
122
137
125
132
130
121
131
141
136
109
107
121
132
120
10
10
107
119
107
126
136
132
105
107
129
125
135
116
128
107
130
10
10
123
131
10
131
133
117
141
132
107
116
138
127
150
129
134
133
122
115
128
131
141
120
107
10
120
133
122
133
107
124
118
123
116
106
122
115
119
120
107
126
134
126
107
10
115
108
127
134
143
135
129
10
130
122
124
107
117
135
125
122
107
138
132
124
122
121
131
1
134
10
122
10
124
116
1
10
10
127
10
133
105
10
129
10
135
119
133
139
122
121
132
105
122
131
139
122
115
131
117
125
117
105
1
130
126
124
140
129
117
133
134
138
136
138
117
164
116
120
139
10
137
137
155
139
126
131
130
112
10
10
124
118
10
108
121
126
132
134
131
137
118
10
140
130
123
134
110
10
113
126
139
126
142
135
135
141
143
126
131
114
119
10
107
118
133
123
107
10
114
10
10
120
120
127
10
10
132
123
131
138
120
119
132
123
109
134
132
129
140
140
137
219
130
122
131
119
157
107
106
133
1
1
141
129
10
127
10
126
145
133
133
145
112
106
10
163
122
133
124
144
145
135
147
128
139
134
117
233
125
128
120
154
120
139
130
130
107
121
140
121
136
146
145
122
122
117
139
165
145
126
107
121
119
136
136
123
119
123
116
132
122
141
105
133
346
132
122
123
139
1
108
107
120
118
140
140
1
122
107
113
124
107
133
146
207
146
105
107
107
108
108
10
121
141
143
136
127
119
126
138
128
134
134
139
143
132
129
125
133
138
10
121
121
147
122
121
119
121
127
117
10
114
120
124
121
121
160
140
131
140
129
107
141
135
134
119
130
107
135
135
136
115
122
159
121
120
126
125
116
123
134
131
125
129
118
107
123
122
122
121
10
139
122
121
126
119
151
127
132
116
115
131
140
140
130
135
137
127
128
115
118
119
157
128
135
140
128
1
130
132
107
136
114
142
125
140
116
115
130
127
135
122
122
131
120
107
105
116
128
107
130
129
140
135
138
149
134
132
135
121
123
138
10
122
10
117
121
118
117
120
117
141
128
123
137
130
137
123
127
150
10
127
136
122
114
122
120
118
120
119
6
132
150
158
134
119
141
116
10
129
127
140
156
135
134
137
124
117
117
119
120
120
134
134
130
135
107
133
575
122
125
10
118
126
107
1
115
132
128
129
138
132
133
10
107
116
123
125
107
134
10
121
107
144
121
136
136
137
10
120
10
130
145
130
126
130
141
130
130
120
132
117
131
131
131
124
125
125
126
126
135
107
132
107
181
109
133
105
137
131
144
142
140
139
150
134
143
140
107
123
137
139
114
140
134
131
131
121
125
105
137
138
105
133
10
124
122
119
118
119
128
133
10
10
127
113
120
133
138
125
118
119
123
143
121
105
127
127
120
132
131
136
10
133
105
130
122
133
10
115
125
129
136
130
133
122
106
105
121
121
123
135
137
129
143
117
123
135
10
10
127
106
10
135
141
119
107
127
123
117
123
126
124
133
118
141
128
133
137
10
124
128
107
125
140
121
105
132
144
130
141
138
121
176
141
130
143
139
10
10
161
128
117
127
121
122
121
117
123
121
119
120
132
118
119
119
130
106
116
115
10
124
122
130
164
126
10
106
123
127
130
131
125
117
120
136
116
130
108
124
123
107
125
120
107
140
138
130
119
136
10
10
118
122
10
122
126
107
122
107
107
223
182
127
180
285
122
140
235
136
120
121
10
115
116
127
130
115
107
134
124
120
119
105
121
122
108
125
10
10
10
105
128
139
121
107
10
132
137
138
132
139
131
149
128
141
133
135
136
134
143
125
118
126
107
117
119
107
119
124
119
107
123
130
128
137
117
116
132
122
108
120
110
132
107
126
117
121
116
105
126
139
120
128
123
109
118
109
125
160
120
117
121
121
120
10
133
123
132
10
130
123
150
140
143
123
142
140
135
138
146
133
131
134
153
134
10
126
122
137
1
117
137
140
123
125
123
119
123
117
132
131
10
122
123
125
166
158
138
143
136
140
105
126
132
10
119
112
126
127
120
139
107
110
123
131
126
122
144
114
10
125
107
10
108
134
132
131
119
132
10
113
147
105
125
135
133
129
143
115
132
107
121
123
193
131
130
138
139
133
134
140
129
126
123
105
105
130
123
122
10
133
10
10
125
134
131
140
107
135
120
130
117
131
142
125
135
113
124
121
125
131
140
128
105
128
132
114
117
121
117
133
132
119
140
137
107
118
108
122
115
118
121
10
123
136
141
121
137
137
132
129
125
141
138
128
107
128
115
125
144
105
130
122
129
135
122
123
114
126
127
118
122
105
127
137
132
141
109
142
124
122
121
130
133
130
136
154
125
122
105
124
124
137
120
10
126
147
138
144
132
139
107
107
139
134
133
137
141
132
138
126
131
135
126
137
132
138
128
151
137
148
134
140
107
118
131
121
994
128
120
155
129
122
116
119
123
10
124
125
126
122
132
129
120
125
10
121
110
10
131
122
122
116
119
123
107
117
124
128
137
134
109
136
138
135
136
119
117
117
121
107
120
117
115
131
142
133
120
124
10
144
123
117
204
134
123
134
135
127
128
140
106
122
105
118
117
120
117
106
115
122
122
122
122
159
106
133
143
10
140
129
126
118
138
214
133
10
124
121
133
107
132
122
122
135
140
135
133
144
132
130
132
127
140
127
105
120
120
132
10
128
107
126
128
126
138
129
138
135
122
106
123
115
136
105
120
10
1
105
126
117
130
121
129
113
105
123
130
123
129
123
121
106
133
133
120
124
117
119
122
116
107
129
124
129
131
134
119
117
107
129
124
153
129
131
130
141
122
132
130
121
109
130
116
137
144
131
115
132
128
120
136
130
132
115
105
131
113
119
123
139
119
123
131
135
192
134
134
130
135
122
128
120
107
156
124
117
127
128
115
122
136
119
10
10
134
123
126
122
122